p p_est sigG sigG_est
0.01 0.1305 0.0001 0.0002353
0.01 0.1012 0.001 0.0003548
0.01 0.1144 0.0001 0.0002695
0.01 0.0835 0.001 0.0004419
0.01 0.1128 0.0001 0.0002724
0.01 0.0913 0.001 0.0003926
0.01 0.1307 0.0001 0.0002405
0.01 0.0826 0.001 0.0004751
0.01 0.1137 0.0001 0.0002733
0.01 0.0931 0.001 0.0004003
0.01 0.1339 0.0001 0.0002337
0.01 0.0961 0.001 0.0004004
0.01 0.1221 0.0001 0.0002509
0.01 0.0932 0.001 0.0003718
0.01 0.1269 0.0001 0.0002451
0.01 0.0947 0.001 0.0003786
0.01 0.1110 0.0001 0.0002726
0.01 0.0811 0.001 0.0004539
0.01 0.1326 0.0001 0.000235
0.01 0.0938 0.001 0.00039
0.01 0.1213 0.0001 0.0002537
0.01 0.0919 0.001 0.0003823
0.01 0.1083 0.0001 0.0002853
0.01 0.0734 0.001 0.0005225
0.01 0.1199 0.0001 0.000259
0.01 0.0873 0.001 0.0004213
0.01 0.1155 0.0001 0.0002661
0.01 0.0769 0.001 0.000503
0.01 0.1205 0.0001 0.0002574
0.01 0.0936 0.001 0.0003976
0.01 0.1383 0.0001 0.0002271
0.01 0.0938 0.001 0.0003988
0.01 0.1202 0.0001 0.0002606
0.01 0.0872 0.001 0.0004196
0.01 0.1214 0.0001 0.0002504
0.01 0.0982 0.001 0.0003529
0.01 0.1273 0.0001 0.0002425
0.01 0.0817 0.001 0.0004172
0.01 0.1182 0.0001 0.0002667
0.01 0.0992 0.001 0.0003758
0.01 0.1131 0.0001 0.000273
0.01 0.0898 0.001 0.0003875
0.01 0.1153 0.0001 0.0002693
0.01 0.0961 0.001 0.0003902
0.01 0.1129 0.0001 0.0002767
0.01 0.0714 0.001 0.0005373
0.01 0.1172 0.0001 0.0002632
0.01 0.0786 0.001 0.0004415
0.01 0.1321 0.0001 0.0002333
0.01 0.0983 0.001 0.0003763
0.01 0.1059 0.0001 0.0002905
0.01 0.0982 0.001 0.0003813
0.01 0.1077 0.0001 0.0002896
0.01 0.0785 0.001 0.0004906
0.01 0.1200 0.0001 0.0002601
0.01 0.0695 0.001 0.0005802
0.01 0.1306 0.0001 0.0002387
0.01 0.0984 0.001 0.0003845
0.01 0.1082 0.0001 0.0002893
0.01 0.0736 0.001 0.0005176
0.01 0.1288 0.0001 0.0002376
0.01 0.1068 0.001 0.0003284
0.01 0.1326 0.0001 0.0002353
0.01 0.0990 0.001 0.0003733
0.01 0.1104 0.0001 0.0002822
0.01 0.0822 0.001 0.0004631
0.01 0.1276 0.0001 0.0002441
0.01 0.0940 0.001 0.0003853
0.01 0.1104 0.0001 0.0002824
0.01 0.0753 0.001 0.0005189
0.01 0.1273 0.0001 0.0002431
0.01 0.1010 0.001 0.0003498
0.01 0.1183 0.0001 0.0002636
0.01 0.0757 0.001 0.0005371
0.01 0.1212 0.0001 0.0002562
0.01 0.0751 0.001 0.000483
0.01 0.1064 0.0001 0.0002895
0.01 0.0803 0.001 0.0004835
0.01 0.1057 0.0001 0.0002959
0.01 0.0683 0.001 0.0005437
0.01 0.1202 0.0001 0.0002551
0.01 0.0949 0.001 0.0003617
0.01 0.1111 0.0001 0.0002768
0.01 0.0991 0.001 0.0003584
0.01 0.1169 0.0001 0.0002651
0.01 0.0892 0.001 0.0004097
0.01 0.1256 0.0001 0.0002472
0.01 0.1024 0.001 0.000357
0.01 0.1173 0.0001 0.0002581
0.01 0.0970 0.001 0.0003534
0.01 0.1226 0.0001 0.0002571
0.01 0.0924 0.001 0.0004193
0.01 0.1278 0.0001 0.0002472
0.01 0.0866 0.001 0.0004315
0.01 0.1122 0.0001 0.0002705
0.01 0.0855 0.001 0.0004125
0.01 0.1147 0.0001 0.0002698
0.01 0.0766 0.001 0.0004604
0.01 0.1312 0.0001 0.0002371
0.01 0.0987 0.001 0.0003622
0.01 0.1124 0.0001 0.000277
0.01 0.0683 0.001 0.0005578
0.01 0.1029 0.0001 0.0002975
0.01 0.0862 0.001 0.0004111
0.01 0.1252 0.0001 0.0002508
0.01 0.0919 0.001 0.0004202
0.01 0.1207 0.0001 0.000253
0.01 0.0923 0.001 0.0003664
0.01 0.1170 0.0001 0.0002634
0.01 0.0895 0.001 0.0004056
0.01 0.1124 0.0001 0.0002743
0.01 0.0783 0.001 0.0004794
0.01 0.0973 0.0001 0.0003157
0.01 0.0769 0.001 0.0004624
0.01 0.1142 0.0001 0.0002698
0.01 0.0776 0.001 0.0005107
0.01 0.1193 0.0001 0.0002587
0.01 0.0939 0.001 0.0003999
0.01 0.1380 0.0001 0.0002253
0.01 0.0956 0.001 0.0004021
0.01 0.1198 0.0001 0.000255
0.01 0.0973 0.001 0.0003509
0.01 0.1308 0.0001 0.0002359
0.01 0.0926 0.001 0.0003785
0.01 0.1332 0.0001 0.0002326
0.01 0.1020 0.001 0.0003481
0.01 0.1241 0.0001 0.0002489
0.01 0.0896 0.001 0.0004227
0.01 0.1250 0.0001 0.0002483
0.01 0.0897 0.001 0.0004269
0.01 0.1118 0.0001 0.0002726
0.01 0.0948 0.001 0.000363
0.01 0.1201 0.0001 0.0002569
0.01 0.0877 0.001 0.0004267
0.01 0.1007 0.0001 0.0003049
0.01 0.0655 0.001 0.0005808
0.01 0.1257 0.0001 0.0002467
0.01 0.0798 0.001 0.0004558
0.01 0.1252 0.0001 0.0002486
0.01 0.0796 0.001 0.0004868
0.01 0.1159 0.0001 0.0002649
0.01 0.0948 0.001 0.0003805
0.01 0.1156 0.0001 0.0002681
0.01 0.0844 0.001 0.0004465
0.01 0.1157 0.0001 0.0002681
0.01 0.0861 0.001 0.0004375
0.01 0.1342 0.0001 0.0002327
0.01 0.1007 0.001 0.0003567
0.01 0.1065 0.0001 0.000286
0.01 0.0798 0.001 0.0004372
0.01 0.1289 0.0001 0.0002379
0.01 0.0989 0.001 0.0003662
0.01 0.1217 0.0001 0.0002564
0.01 0.0920 0.001 0.0003957
0.01 0.1112 0.0001 0.0002859
0.01 0.0833 0.001 0.0005065
0.01 0.1260 0.0001 0.0002444
0.01 0.0924 0.001 0.000382
0.01 0.1188 0.0001 0.0002602
0.01 0.0799 0.001 0.0004601
0.01 0.1124 0.0001 0.0002742
0.01 0.0759 0.001 0.0004744
0.01 0.1295 0.0001 0.0002397
0.01 0.0950 0.001 0.0003995
0.01 0.1116 0.0001 0.0002747
0.01 0.0796 0.001 0.0004706
0.01 0.1280 0.0001 0.0002427
0.01 0.0975 0.001 0.0003807
0.01 0.1305 0.0001 0.0002395
0.01 0.0893 0.001 0.0004442
0.01 0.1362 0.0001 0.0002276
0.01 0.0980 0.001 0.0003736
0.01 0.1260 0.0001 0.0002453
0.01 0.0801 0.001 0.0004666
0.01 0.1244 0.0001 0.0002492
0.01 0.0972 0.001 0.0003682
0.01 0.1209 0.0001 0.0002597
0.01 0.0791 0.001 0.000516
0.01 0.1189 0.0001 0.0002615
0.01 0.0850 0.001 0.0004433
0.01 0.1283 0.0001 0.0002422
0.01 0.0882 0.001 0.0004287
0.01 0.1124 0.0001 0.0002764
0.01 0.0830 0.001 0.0004681
0.01 0.1179 0.0001 0.0002577
0.01 0.0984 0.001 0.0003631
0.01 0.1147 0.0001 0.0002664
0.01 0.0754 0.001 0.0004806
0.01 0.1372 0.0001 0.0002242
0.01 0.0884 0.001 0.000413
0.01 0.1314 0.0001 0.0002371
0.01 0.0978 0.001 0.0003781
0.01 0.1243 0.0001 0.0002476
0.01 0.0942 0.001 0.0003759
0.01 0.1206 0.0001 0.0002572
0.01 0.0807 0.001 0.0004741
0.01 0.1122 0.0001 0.0002746
0.01 0.0907 0.001 0.0004125
0.01 0.1217 0.0001 0.0002556
0.01 0.0797 0.001 0.0004794
0.01 0.1190 1e-05 0.0002536
0.01 0.1053 1e-05 0.0002857
0.01 0.1069 1e-05 0.0002807
0.01 0.1342 1e-05 0.0002275
0.01 0.1237 1e-05 0.0002461
0.01 0.1147 1e-05 0.0002629
0.01 0.1148 1e-05 0.0002636
0.01 0.1057 1e-05 0.0002876
0.01 0.1196 1e-05 0.0002487
0.01 0.1278 1e-05 0.0002379
0.01 0.1185 1e-05 0.0002566
0.01 0.1112 1e-05 0.0002716
0.01 0.1139 1e-05 0.0002649
0.01 0.1234 1e-05 0.0002449
0.01 0.1244 1e-05 0.0002487
0.01 0.1185 1e-05 0.0002525
0.01 0.1184 1e-05 0.0002594
0.01 0.1287 1e-05 0.0002342
0.01 0.1298 1e-05 0.0002327
0.01 0.1194 1e-05 0.0002621
0.01 0.1056 1e-05 0.000282
0.01 0.1286 1e-05 0.0002353
0.01 0.1111 1e-05 0.0002713
0.01 0.1084 1e-05 0.0002824
0.01 0.1350 1e-05 0.0002243
0.01 0.1288 1e-05 0.0002346
0.01 0.1108 1e-05 0.0002724
0.01 0.1203 1e-05 0.0002548
0.01 0.1274 1e-05 0.0002372
0.01 0.1070 1e-05 0.0002808
0.01 0.1234 1e-05 0.0002456
0.01 0.1268 1e-05 0.00024
0.01 0.1139 1e-05 0.000265
0.01 0.1339 1e-05 0.0002304
0.01 0.1221 1e-05 0.0002477
0.01 0.1240 1e-05 0.0002445
0.01 0.1060 1e-05 0.0002842
0.01 0.1261 1e-05 0.0002417
0.01 0.1077 1e-05 0.0002854
0.01 0.1105 1e-05 0.000273
0.01 0.1156 1e-05 0.000261
0.01 0.1279 1e-05 0.0002369
0.01 0.1164 1e-05 0.000259
0.01 0.1196 1e-05 0.0002517
0.01 0.1172 1e-05 0.0002552
0.01 0.1251 1e-05 0.0002472
0.01 0.1341 1e-05 0.0002322
0.01 0.1220 1e-05 0.0002474
0.01 0.0895 1e-05 0.0003396
0.01 0.1174 1e-05 0.0002576
0.01 0.1067 1e-05 0.0002845
0.01 0.1107 1e-05 0.00027
0.01 0.1190 1e-05 0.0002558
0.01 0.1157 1e-05 0.0002592
0.01 0.1227 1e-05 0.0002478
0.01 0.1055 1e-05 0.0002842
0.01 0.1085 1e-05 0.0002803
0.01 0.1130 1e-05 0.000265
0.01 0.1205 1e-05 0.0002511
0.01 0.1291 1e-05 0.0002345
0.01 0.1199 1e-05 0.0002492
0.01 0.1164 1e-05 0.0002602
0.01 0.1246 1e-05 0.0002449
0.01 0.1229 1e-05 0.0002456
0.01 0.1174 1e-05 0.0002581
0.01 0.1186 1e-05 0.0002555
0.01 0.1224 1e-05 0.0002456
0.01 0.1075 1e-05 0.0002815
0.01 0.1154 1e-05 0.0002676
0.01 0.1335 1e-05 0.0002294
0.01 0.1142 1e-05 0.0002634
0.01 0.1015 1e-05 0.0002943
0.01 0.1236 1e-05 0.0002453
0.01 0.1337 1e-05 0.0002278
0.01 0.1207 1e-05 0.0002488
0.01 0.1274 1e-05 0.0002379
0.01 0.1211 1e-05 0.0002552
0.01 0.1236 1e-05 0.0002443
0.01 0.1151 1e-05 0.0002646
0.01 0.1170 1e-05 0.0002588
0.01 0.1136 1e-05 0.0002674
0.01 0.1203 1e-05 0.0002541
0.01 0.1050 1e-05 0.0002866
0.01 0.1317 1e-05 0.0002288
0.01 0.1221 1e-05 0.0002452
0.01 0.1310 1e-05 0.0002327
0.01 0.1331 1e-05 0.0002285
0.01 0.1243 1e-05 0.0002427
0.01 0.1146 1e-05 0.0002642
0.01 0.1277 1e-05 0.0002385
0.01 0.1309 1e-05 0.0002316
0.01 0.1138 1e-05 0.0002655
0.01 0.1239 1e-05 0.0002436
0.01 0.1125 1e-05 0.0002679
0.01 0.1225 1e-05 0.000246
0.01 0.1271 1e-05 0.0002423
0.01 0.1282 1e-05 0.0002382
0.01 0.1151 1e-05 0.0002629
0.01 0.1097 1e-05 0.0002759
0.01 0.1161 1e-05 0.0002601
0.005 0.1138 0.0001 0.0002673
0.005 0.1084 0.001 0.0003053
0.05 0.1377 0.0001 0.0002461
0.05 0.0482 0.001 0.001352
0.005 0.1159 0.0001 0.0002642
0.005 0.0928 0.001 0.0003544
0.05 0.1229 0.0001 0.0002809
0.05 0.0511 0.001 0.001419
0.005 0.1185 0.0001 0.0002567
0.005 0.1077 0.001 0.0002985
0.05 0.1289 0.0001 0.0002649
0.05 0.0535 0.001 0.001204
0.005 0.1338 0.0001 0.000232
0.005 0.0963 0.001 0.0003694
0.05 0.1461 0.0001 0.0002383
0.05 0.0516 0.001 0.001509
0.005 0.1109 0.0001 0.000274
0.005 0.0997 0.001 0.0003257
0.05 0.1339 0.0001 0.0002553
0.05 0.0544 0.001 0.001296
0.005 0.1277 0.0001 0.0002417
0.005 0.1038 0.001 0.0003294
0.05 0.1400 0.0001 0.0002477
0.05 0.0515 0.001 0.001401
0.005 0.1174 0.0001 0.0002617
0.005 0.1008 0.001 0.0003217
0.05 0.1411 0.0001 0.000239
0.05 0.0537 0.001 0.001142
0.005 0.1140 0.0001 0.0002702
0.005 0.1150 0.001 0.0002826
0.05 0.1285 0.0001 0.0002643
0.05 0.0489 0.001 0.001401
0.005 0.1180 0.0001 0.0002541
0.005 0.0981 0.001 0.0003366
0.05 0.1238 0.0001 0.0002673
0.05 0.0456 0.001 0.001391
0.005 0.1278 0.0001 0.0002415
0.005 0.1118 0.001 0.0003047
0.05 0.1361 0.0001 0.0002501
0.05 0.0478 0.001 0.001422
0.005 0.1206 0.0001 0.000256
0.005 0.1016 0.001 0.0003319
0.05 0.1315 0.0001 0.0002565
0.05 0.0465 0.001 0.001393
0.005 0.1119 0.0001 0.0002709
0.005 0.0920 0.001 0.0003587
0.05 0.1377 0.0001 0.0002452
0.05 0.0485 0.001 0.001394
0.005 0.1125 0.0001 0.0002709
0.005 0.0985 0.001 0.0003401
0.05 0.1344 0.0001 0.0002513
0.05 0.0553 0.001 0.001149
0.005 0.1115 0.0001 0.0002747
0.005 0.0927 0.001 0.0003769
0.05 0.1301 0.0001 0.0002575
0.05 0.0493 0.001 0.001321
0.005 0.1186 0.0001 0.0002591
0.005 0.1025 0.001 0.0003303
0.05 0.1369 0.0001 0.000252
0.05 0.0495 0.001 0.001356
0.005 0.1346 0.0001 0.0002285
0.005 0.1003 0.001 0.0003447
0.05 0.1378 0.0001 0.0002521
0.05 0.0524 0.001 0.001376
0.005 0.1250 0.0001 0.0002474
0.005 0.0935 0.001 0.0003564
0.05 0.1426 0.0001 0.0002423
0.05 0.0493 0.001 0.001376
0.005 0.1142 0.0001 0.0002661
0.005 0.0956 0.001 0.0003385
0.05 0.1326 0.0001 0.000252
0.05 0.0484 0.001 0.001286
0.005 0.1279 0.0001 0.0002385
0.005 0.1100 0.001 0.0002955
0.05 0.1287 0.0001 0.0002633
0.05 0.0470 0.001 0.001412
0.005 0.1321 0.0001 0.0002373
0.005 0.1052 0.001 0.0003409
0.05 0.1411 0.0001 0.0002432
0.05 0.0519 0.001 0.001279
0.005 0.1111 0.0001 0.0002722
0.005 0.0889 0.001 0.000362
0.05 0.1233 0.0001 0.0002727
0.05 0.0526 0.001 0.001269
0.005 0.1246 0.0001 0.0002469
0.005 0.1085 0.001 0.0003141
0.05 0.1416 0.0001 0.0002392
0.05 0.0524 0.001 0.00127
0.005 0.1027 0.0001 0.0002995
0.005 0.0974 0.001 0.0003629
0.05 0.1271 0.0001 0.0002735
0.05 0.0509 0.001 0.001468
0.005 0.1108 0.0001 0.0002769
0.005 0.1083 0.001 0.0002997
0.05 0.1347 0.0001 0.0002546
0.05 0.0504 0.001 0.001394
0.005 0.1391 0.0001 0.0002203
0.005 0.1109 0.001 0.0003037
0.05 0.1441 0.0001 0.0002342
0.05 0.0515 0.001 0.001313
0.005 0.1167 0.0001 0.0002624
0.005 0.1006 0.001 0.000346
0.05 0.1343 0.0001 0.0002573
0.05 0.0509 0.001 0.001384
0.005 0.1171 0.0001 0.0002613
0.005 0.0927 0.001 0.0003732
0.05 0.1229 0.0001 0.0002766
0.05 0.0509 0.001 0.001355
0.005 0.1091 0.0001 0.0002816
0.005 0.0990 0.001 0.0003384
0.05 0.1341 0.0001 0.0002594
0.05 0.0537 0.001 0.001382
0.005 0.1141 0.0001 0.0002687
0.005 0.1046 0.001 0.0003315
0.05 0.1280 0.0001 0.0002651
0.05 0.0525 0.001 0.001281
0.005 0.1076 0.0001 0.0002834
0.005 0.0960 0.001 0.0003521
0.05 0.1252 0.0001 0.0002749
0.05 0.0508 0.001 0.001363
0.005 0.1279 0.0001 0.0002385
0.005 0.1118 0.001 0.0002893
0.05 0.1411 0.0001 0.0002416
0.05 0.0506 0.001 0.001295
0.005 0.1347 0.0001 0.0002272
0.005 0.1143 0.001 0.0002934
0.05 0.1428 0.0001 0.0002393
0.05 0.0529 0.001 0.001337
0.005 0.1171 0.0001 0.0002604
0.005 0.0946 0.001 0.0003647
0.05 0.1290 0.0001 0.0002648
0.05 0.0498 0.001 0.001422
0.005 0.1325 0.0001 0.0002323
0.005 0.1140 0.001 0.0002858
0.05 0.1324 0.0001 0.0002598
0.05 0.0509 0.001 0.001336
0.005 0.1181 0.0001 0.000261
0.005 0.1047 0.001 0.0003192
0.05 0.1281 0.0001 0.0002719
0.05 0.0505 0.001 0.001436
0.005 0.1250 0.0001 0.0002459
0.005 0.1114 0.001 0.0002972
0.05 0.1398 0.0001 0.0002415
0.05 0.0504 0.001 0.001253
0.005 0.1274 0.0001 0.000243
0.005 0.1017 0.001 0.0003423
0.05 0.1401 0.0001 0.0002472
0.05 0.0531 0.001 0.001365
0.005 0.1232 0.0001 0.0002493
0.005 0.0935 0.001 0.0003482
0.05 0.1284 0.0001 0.0002667
0.05 0.0505 0.001 0.001368
0.005 0.0981 0.0001 0.000319
0.005 0.0913 0.001 0.0003667
0.05 0.1226 0.0001 0.0002804
0.05 0.0507 0.001 0.001393
0.005 0.1076 0.0001 0.0002841
0.005 0.0886 0.001 0.0003881
0.05 0.1335 0.0001 0.0002626
0.05 0.0516 0.001 0.001468
0.005 0.1131 0.0001 0.0002651
0.005 0.1017 0.001 0.0003167
0.05 0.1292 0.0001 0.0002599
0.05 0.0501 0.001 0.001341
0.005 0.1300 0.0001 0.0002338
0.005 0.1085 0.001 0.0003002
0.05 0.1330 0.0001 0.0002498
0.05 0.0531 0.001 0.001199
0.005 0.1190 0.0001 0.0002576
0.005 0.0996 0.001 0.0003289
0.05 0.1343 0.0001 0.0002534
0.05 0.0499 0.001 0.001417
0.005 0.1143 0.0001 0.0002685
0.005 0.0987 0.001 0.0003493
0.05 0.1385 0.0001 0.0002441
0.05 0.0537 0.001 0.001286
0.005 0.1194 0.0001 0.0002524
0.005 0.1037 0.001 0.0003093
0.05 0.1323 0.0001 0.0002519
0.05 0.0546 0.001 0.001115
0.005 0.1195 0.0001 0.0002594
0.005 0.0938 0.001 0.0003672
0.05 0.1346 0.0001 0.000252
0.05 0.0515 0.001 0.00121
0.005 0.1174 0.0001 0.0002637
0.005 0.1101 0.001 0.0003022
0.05 0.1410 0.0001 0.0002466
0.05 0.0547 0.001 0.001293
0.005 0.1024 0.0001 0.0002911
0.005 0.0987 0.001 0.0003301
0.05 0.1304 0.0001 0.0002562
0.05 0.0525 0.001 0.001239
0.005 0.0937 0.0001 0.0003263
0.005 0.0817 0.001 0.0004013
0.05 0.1220 0.0001 0.0002804
0.05 0.0444 0.001 0.001574
0.005 0.1238 0.0001 0.0002464
0.005 0.1075 0.001 0.0003068
0.05 0.1335 0.0001 0.0002521
0.05 0.0513 0.001 0.001233
0.005 0.1133 0.0001 0.0002681
0.005 0.0761 0.001 0.0004384
0.05 0.1236 0.0001 0.0002793
0.05 0.0488 0.001 0.001517
0.005 0.1056 0.0001 0.0002854
0.005 0.0903 0.001 0.0003574
0.05 0.1229 0.0001 0.0002771
0.05 0.0511 0.001 0.001325
0.005 0.1230 0.0001 0.0002488
0.005 0.1099 0.001 0.0003094
0.05 0.1407 0.0001 0.0002459
0.05 0.0552 0.001 0.001274
0.005 0.1162 0.0001 0.0002579
0.005 0.0990 0.001 0.0003197
0.05 0.1355 0.0001 0.0002498
0.05 0.0465 0.001 0.001458
0.005 0.1184 0.0001 0.0002582
0.005 0.0953 0.001 0.0003469
0.05 0.1368 0.0001 0.0002511
0.05 0.0487 0.001 0.00136
0.005 0.1228 0.0001 0.0002451
0.005 0.0982 0.001 0.0003319
0.05 0.1389 0.0001 0.0002416
0.05 0.0480 0.001 0.001328
0.005 0.1018 0.0001 0.0002972
0.005 0.0965 0.001 0.0003466
0.05 0.1162 0.0001 0.0002908
0.05 0.0505 0.001 0.001375
0.005 0.1133 0.0001 0.0002682
0.005 0.0883 0.001 0.0003823
0.05 0.1310 0.0001 0.0002627
0.05 0.0500 0.001 0.00143
0.005 0.1192 0.0001 0.0002564
0.005 0.1086 0.001 0.0003084
0.05 0.1350 0.0001 0.0002529
0.05 0.0482 0.001 0.001419
0.005 0.1323 0.0001 0.0002299
0.005 0.1138 0.001 0.0002901
0.05 0.1393 0.0001 0.0002433
0.05 0.0503 0.001 0.001416
0.005 0.1060 0.0001 0.0002897
0.005 0.1048 0.001 0.0003099
0.05 0.1266 0.0001 0.0002635
0.05 0.0503 0.001 0.00122
0.005 0.1152 0.0001 0.0002655
0.005 0.1132 0.001 0.0002815
0.05 0.1327 0.0001 0.0002571
0.05 0.0500 0.001 0.001313
0.005 0.1304 0.0001 0.0002341
0.005 0.1162 0.001 0.0002798
0.05 0.1366 0.0001 0.0002478
0.05 0.0485 0.001 0.001338
0.005 0.1245 0.0001 0.0002446
0.005 0.1041 0.001 0.0003158
0.05 0.1339 0.0001 0.0002516
0.05 0.0513 0.001 0.001257
0.005 0.1168 0.0001 0.0002608
0.005 0.0933 0.001 0.0003663
0.05 0.1323 0.0001 0.0002598
0.05 0.0477 0.001 0.001523
0.005 0.1132 0.0001 0.0002667
0.005 0.1068 0.001 0.0003034
0.05 0.1322 0.0001 0.0002573
0.05 0.0482 0.001 0.001443
0.005 0.1165 0.0001 0.00026
0.005 0.1012 0.001 0.0003195
0.05 0.1301 0.0001 0.0002624
0.05 0.0536 0.001 0.001317
0.005 0.0945 0.0001 0.0003177
0.005 0.0781 0.001 0.000422
0.05 0.1101 0.0001 0.0003085
0.05 0.0472 0.001 0.001488
0.005 0.1135 0.0001 0.0002684
0.005 0.1025 0.001 0.0003194
0.05 0.1360 0.0001 0.0002561
0.05 0.0531 0.001 0.001396
0.005 0.1275 0.0001 0.0002432
0.005 0.1071 0.001 0.0003252
0.05 0.1254 0.0001 0.0002701
0.05 0.0497 0.001 0.001406
0.005 0.1188 0.0001 0.0002532
0.005 0.1034 0.001 0.0003153
0.05 0.1315 0.0001 0.0002605
0.05 0.0470 0.001 0.001529
0.005 0.1108 0.0001 0.0002724
0.005 0.0802 0.001 0.0004189
0.05 0.1289 0.0001 0.0002667
0.05 0.0451 0.001 0.00165
0.005 0.1159 0.0001 0.0002647
0.005 0.0995 0.001 0.00033
0.05 0.1374 0.0001 0.0002473
0.05 0.0539 0.001 0.001286
0.005 0.1239 0.0001 0.0002491
0.005 0.1142 0.001 0.0002843
0.05 0.1346 0.0001 0.0002552
0.05 0.0472 0.001 0.001537
0.005 0.1158 0.0001 0.0002598
0.005 0.0939 0.001 0.0003549
0.05 0.1267 0.0001 0.0002669
0.05 0.0552 0.001 0.001202
0.005 0.1193 0.0001 0.0002513
0.005 0.1170 0.001 0.0002859
0.05 0.1373 0.0001 0.0002423
0.05 0.0521 0.001 0.001227
0.005 0.1155 0.0001 0.0002676
0.005 0.1007 0.001 0.0003258
0.05 0.1377 0.0001 0.00025
0.05 0.0490 0.001 0.00141
0.005 0.1137 0.0001 0.0002688
0.005 0.0870 0.001 0.00041
0.05 0.1340 0.0001 0.0002581
0.05 0.0504 0.001 0.001527
0.005 0.1273 0.0001 0.0002395
0.005 0.1063 0.001 0.0003078
0.05 0.1331 0.0001 0.000257
0.05 0.0499 0.001 0.001483
0.005 0.1150 0.0001 0.0002665
0.005 0.0973 0.001 0.0003357
0.05 0.1286 0.0001 0.0002639
0.05 0.0474 0.001 0.001448
0.005 0.1242 0.0001 0.0002496
0.005 0.0934 0.001 0.0003614
0.05 0.1194 0.0001 0.0002811
0.05 0.0513 0.001 0.001224
0.005 0.1216 0.0001 0.0002525
0.005 0.0875 0.001 0.000382
0.05 0.1316 0.0001 0.0002548
0.05 0.0498 0.001 0.001301
0.005 0.1211 0.0001 0.0002522
0.005 0.0973 0.001 0.0003445
0.05 0.1204 0.0001 0.00028
0.05 0.0499 0.001 0.001348
0.005 0.1222 0.0001 0.0002523
0.005 0.1113 0.001 0.0002962
0.05 0.1409 0.0001 0.0002416
0.05 0.0566 0.001 0.001178
0.005 0.1295 0.0001 0.0002361
0.005 0.1036 0.001 0.0003353
0.05 0.1306 0.0001 0.0002603
0.05 0.0499 0.001 0.001448
0.005 0.1352 0.0001 0.0002277
0.005 0.1053 0.001 0.0003239
0.05 0.1413 0.0001 0.0002378
0.05 0.0539 0.001 0.001173
0.005 0.1207 0.0001 0.0002531
0.005 0.0984 0.001 0.0003406
0.05 0.1228 0.0001 0.0002728
0.05 0.0493 0.001 0.001231
0.005 0.1277 0.0001 0.0002385
0.005 0.1053 0.001 0.0003098
0.05 0.1419 0.0001 0.0002401
0.05 0.0475 0.001 0.001463
0.005 0.1110 0.0001 0.0002792
0.005 0.0893 0.001 0.0004153
0.05 0.1221 0.0001 0.0002817
0.05 0.0544 0.001 0.001275
0.005 0.1205 0.0001 0.0002533
0.005 0.1041 0.001 0.0003158
0.05 0.1337 0.0001 0.0002599
0.05 0.0473 0.001 0.001573
0.005 0.1272 0.0001 0.0002405
0.005 0.1022 0.001 0.0003225
0.05 0.1355 0.0001 0.0002573
0.05 0.0575 0.001 0.001325
0.005 0.1122 0.0001 0.0002716
0.005 0.0967 0.001 0.0003476
0.05 0.1409 0.0001 0.0002445
0.05 0.0509 0.001 0.001391
0.005 0.1156 0.0001 0.0002656
0.005 0.1034 0.001 0.0003307
0.05 0.1339 0.0001 0.0002504
0.05 0.0486 0.001 0.001335
0.005 0.1123 0.0001 0.0002673
0.005 0.0964 0.001 0.0003482
0.05 0.1258 0.0001 0.0002641
0.05 0.0513 0.001 0.001277
0.005 0.1170 0.0001 0.0002609
0.005 0.1044 0.001 0.0003101
0.05 0.1383 0.0001 0.0002408
0.05 0.0502 0.001 0.001287
0.005 0.1285 0.0001 0.0002407
0.005 0.1108 0.001 0.0003099
0.05 0.1416 0.0001 0.0002422
0.05 0.0525 0.001 0.001292
0.005 0.1230 0.0001 0.000247
0.005 0.1094 0.001 0.0003033
0.05 0.1426 0.0001 0.0002384
0.05 0.0514 0.001 0.001311
0.005 0.1240 0.0001 0.0002474
0.005 0.0952 0.001 0.000368
0.05 0.1338 0.0001 0.0002547
0.05 0.0514 0.001 0.001386
0.005 0.1079 0.0001 0.00028
0.005 0.0977 0.001 0.0003396
0.05 0.1333 0.0001 0.0002516
0.05 0.0514 0.001 0.001283
0.005 0.1172 0.0001 0.0002634
0.005 0.0879 0.001 0.0003836
0.05 0.1350 0.0001 0.0002591
0.05 0.0495 0.001 0.001538
0.005 0.1221 1e-05 0.0002474
0.05 0.1309 1e-05 0.0002331
0.005 0.1110 1e-05 0.0002718
0.05 0.1235 1e-05 0.0002506
0.005 0.1129 1e-05 0.0002678
0.05 0.1190 1e-05 0.0002578
0.005 0.1333 1e-05 0.0002285
0.05 0.1390 1e-05 0.0002212
0.005 0.1206 1e-05 0.0002488
0.05 0.1237 1e-05 0.0002482
0.005 0.1201 1e-05 0.000251
0.05 0.1339 1e-05 0.0002311
0.005 0.1057 1e-05 0.0002822
0.05 0.1274 1e-05 0.0002412
0.005 0.1245 1e-05 0.0002447
0.05 0.1317 1e-05 0.0002346
0.005 0.1142 1e-05 0.0002606
0.05 0.1184 1e-05 0.0002533
0.005 0.1262 1e-05 0.000242
0.05 0.1366 1e-05 0.0002242
0.005 0.1208 1e-05 0.0002508
0.05 0.1236 1e-05 0.0002494
0.005 0.1158 1e-05 0.0002608
0.05 0.1258 1e-05 0.0002442
0.005 0.1157 1e-05 0.0002601
0.05 0.1158 1e-05 0.0002643
0.005 0.1188 1e-05 0.0002533
0.05 0.1171 1e-05 0.0002572
0.005 0.1226 1e-05 0.0002526
0.05 0.1293 1e-05 0.0002417
0.005 0.1237 1e-05 0.0002444
0.05 0.1316 1e-05 0.0002326
0.005 0.1153 1e-05 0.0002651
0.05 0.1214 1e-05 0.000256
0.005 0.1222 1e-05 0.0002429
0.05 0.1214 1e-05 0.0002488
0.005 0.1203 1e-05 0.0002497
0.05 0.1196 1e-05 0.0002581
0.005 0.1340 1e-05 0.0002315
0.05 0.1262 1e-05 0.0002459
0.005 0.1039 1e-05 0.0002866
0.05 0.1077 1e-05 0.0002814
0.005 0.1224 1e-05 0.0002456
0.05 0.1341 1e-05 0.0002282
0.005 0.1121 1e-05 0.0002688
0.05 0.1285 1e-05 0.0002423
0.005 0.1164 1e-05 0.000261
0.05 0.1235 1e-05 0.00025
0.005 0.1250 1e-05 0.0002397
0.05 0.1378 1e-05 0.0002217
0.005 0.1156 1e-05 0.0002597
0.05 0.1267 1e-05 0.000243
0.005 0.1124 1e-05 0.0002688
0.05 0.1165 1e-05 0.0002627
0.005 0.1140 1e-05 0.0002651
0.05 0.1183 1e-05 0.0002605
0.005 0.1249 1e-05 0.0002443
0.05 0.1374 1e-05 0.000225
0.005 0.1111 1e-05 0.000276
0.05 0.1097 1e-05 0.0002809
0.005 0.1198 1e-05 0.0002514
0.05 0.1368 1e-05 0.0002244
0.005 0.1340 1e-05 0.0002258
0.05 0.1371 1e-05 0.0002247
0.005 0.1215 1e-05 0.0002521
0.05 0.1192 1e-05 0.0002562
0.005 0.1346 1e-05 0.0002275
0.05 0.1405 1e-05 0.0002227
0.005 0.1156 1e-05 0.0002594
0.05 0.1299 1e-05 0.0002374
0.005 0.1236 1e-05 0.0002468
0.05 0.1331 1e-05 0.0002331
0.005 0.1243 1e-05 0.0002443
0.05 0.1268 1e-05 0.0002434
0.005 0.1176 1e-05 0.0002606
0.05 0.1271 1e-05 0.0002417
0.005 0.1147 1e-05 0.000263
0.05 0.1185 1e-05 0.0002594
0.005 0.1039 1e-05 0.0002958
0.05 0.1229 1e-05 0.0002519
0.005 0.1195 1e-05 0.0002531
0.05 0.1275 1e-05 0.0002417
0.005 0.1167 1e-05 0.0002551
0.05 0.1331 1e-05 0.0002282
0.005 0.1186 1e-05 0.000256
0.05 0.1273 1e-05 0.0002409
0.005 0.1260 1e-05 0.0002403
0.05 0.1186 1e-05 0.0002562
0.005 0.1116 1e-05 0.0002657
0.05 0.1172 1e-05 0.0002583
0.005 0.1058 1e-05 0.0002865
0.05 0.1065 1e-05 0.0002963
0.005 0.1223 1e-05 0.0002503
0.05 0.1413 1e-05 0.0002204
0.005 0.1190 1e-05 0.0002537
0.05 0.1203 1e-05 0.0002538
0.005 0.1140 1e-05 0.0002667
0.05 0.1147 1e-05 0.0002664
0.005 0.1159 1e-05 0.0002595
0.05 0.1277 1e-05 0.00024
0.005 0.0950 1e-05 0.0003163
0.05 0.1065 1e-05 0.000285
0.005 0.1081 1e-05 0.0002754
0.05 0.1133 1e-05 0.0002672
0.005 0.1227 1e-05 0.0002476
0.05 0.1317 1e-05 0.0002342
0.005 0.1185 1e-05 0.0002521
0.05 0.1261 1e-05 0.0002431
0.005 0.1169 1e-05 0.0002619
0.05 0.1253 1e-05 0.0002449
0.005 0.1217 1e-05 0.0002484
0.05 0.1184 1e-05 0.0002585
0.005 0.0961 1e-05 0.0003115
0.05 0.1026 1e-05 0.0002996
0.005 0.1123 1e-05 0.0002659
0.05 0.1241 1e-05 0.0002457
0.005 0.1103 1e-05 0.0002733
0.05 0.1234 1e-05 0.0002488
0.005 0.1238 1e-05 0.0002424
0.05 0.1368 1e-05 0.0002235
0.005 0.1228 1e-05 0.0002461
0.05 0.1276 1e-05 0.0002401
0.005 0.1214 1e-05 0.0002477
0.05 0.1244 1e-05 0.0002481
0.005 0.1253 1e-05 0.0002426
0.05 0.1332 1e-05 0.000232
0.005 0.1164 1e-05 0.000256
0.05 0.1305 1e-05 0.0002349
0.005 0.1112 1e-05 0.0002724
0.05 0.1275 1e-05 0.0002417
0.005 0.1168 1e-05 0.0002584
0.05 0.1131 1e-05 0.0002691
0.005 0.1138 1e-05 0.0002644
0.05 0.1389 1e-05 0.0002228
0.005 0.1010 1e-05 0.0002947
0.05 0.1037 1e-05 0.0002926
0.005 0.1264 1e-05 0.0002409
0.05 0.1221 1e-05 0.0002529
0.005 0.1295 1e-05 0.0002357
0.05 0.1280 1e-05 0.0002409
0.005 0.1206 1e-05 0.0002484
0.05 0.1119 1e-05 0.0002704
0.005 0.1086 1e-05 0.00028
0.05 0.1195 1e-05 0.0002574
0.005 0.1072 1e-05 0.00028
0.05 0.1167 1e-05 0.0002606
0.005 0.1265 1e-05 0.0002393
0.05 0.1433 1e-05 0.0002165
0.005 0.1059 1e-05 0.0002814
0.05 0.1264 1e-05 0.0002414
0.005 0.1263 1e-05 0.0002374
0.05 0.1325 1e-05 0.0002288
0.005 0.1256 1e-05 0.0002436
0.05 0.1229 1e-05 0.0002513
0.005 0.1106 1e-05 0.0002722
0.05 0.1214 1e-05 0.0002504
0.005 0.1129 1e-05 0.0002664
0.05 0.1332 1e-05 0.0002321
0.005 0.1108 1e-05 0.0002733
0.05 0.1262 1e-05 0.0002437
0.005 0.1156 1e-05 0.0002602
0.05 0.1256 1e-05 0.0002438
0.005 0.1121 1e-05 0.0002688
0.05 0.1213 1e-05 0.0002515
0.005 0.1118 1e-05 0.00027
0.05 0.1170 1e-05 0.0002616
0.005 0.1215 1e-05 0.0002502
0.05 0.1350 1e-05 0.0002278
0.005 0.1178 1e-05 0.0002562
0.05 0.1223 1e-05 0.0002504
0.005 0.1292 1e-05 0.0002343
0.05 0.1394 1e-05 0.0002222
0.005 0.1289 1e-05 0.0002365
0.05 0.1282 1e-05 0.0002392
0.005 0.1199 1e-05 0.0002499
0.05 0.1314 1e-05 0.0002321
0.005 0.1084 1e-05 0.000279
0.05 0.1042 1e-05 0.0002906
0.005 0.1086 1e-05 0.0002747
0.05 0.1272 1e-05 0.0002391
0.005 0.1218 1e-05 0.0002486
0.05 0.1323 1e-05 0.000234
0.005 0.1063 1e-05 0.0002806
0.05 0.1277 1e-05 0.0002383
0.005 0.1141 1e-05 0.0002639
0.05 0.1254 1e-05 0.0002441
0.005 0.1190 1e-05 0.0002524
0.05 0.1208 1e-05 0.0002501
0.005 0.1192 1e-05 0.0002533
0.05 0.1301 1e-05 0.0002353
0.005 0.1231 1e-05 0.0002484
0.05 0.1366 1e-05 0.0002284
0.005 0.1150 1e-05 0.000262
0.05 0.1343 1e-05 0.0002307
0.005 0.1094 1e-05 0.0002793
0.05 0.1256 1e-05 0.0002439
0.005 0.1238 1e-05 0.0002444
0.05 0.1224 1e-05 0.0002499
0.005 0.1159 1e-05 0.0002646
0.05 0.1090 1e-05 0.0002826
