p p_est sigG sigG_est
0.01 0.00616 0.0001 7.844e-05
0.01 0.005569 0.001 0.0006715
0.01 0.002724 0.0001 9.636e-05
0.01 0.004147 0.001 0.0007542
0.01 0.01307 0.0001 2.721e-05
0.01 0.008652 0.001 0.0003587
0.01 0.001655 0.0001 0.0003052
0.01 0.009802 0.001 0.0006361
0.01 0.001578 0.0001 0.0001428
0.01 0.005027 0.001 0.0007409
0.01 0.001843 0.0001 0.0001232
0.01 0.006015 0.001 0.0006544
0.01 0.001168 0.0001 0.0002239
0.01 0.003573 0.001 0.0009211
0.01 0.003297 0.0001 0.0001087
0.01 0.00474 0.001 0.0009303
0.01 0.01014 0.0001 4.972e-05
0.01 0.009642 0.001 0.0004874
0.01 0.0078 0.0001 6.681e-05
0.01 0.007154 0.001 0.0006748
0.01 0.002765 0.0001 0.0001303
0.01 0.003719 0.001 0.001149
0.01 0.004424 0.0001 0.0001117
0.01 0.006846 0.001 0.0009273
0.01 0.0005491 0.0001 0.0002202
0.01 0.003578 0.001 0.0007591
0.01 0.00288 0.0001 9.536e-05
0.01 0.006055 0.001 0.0007238
0.01 0.001726 0.0001 0.0001052
0.01 0.007883 0.001 0.0005256
0.01 0.00122 0.0001 0.0002701
0.01 0.005566 0.001 0.0007852
0.01 0.003049 0.0001 0.0001215
0.01 0.00852 0.001 0.0004714
0.01 0.0003013 0.0001 0.0002311
0.01 0.004459 0.001 0.0004213
0.01 0.002907 0.0001 0.0001568
0.01 0.006652 0.001 0.0007394
0.01 0.0003664 0.0001 0.0006358
0.01 0.002623 0.001 0.001184
0.01 0.001494 0.0001 7.088e-05
0.01 0.004296 0.001 0.0004273
0.01 0.001484 0.0001 0.0002488
0.01 0.003842 0.001 0.0009376
0.01 0.002068 0.0001 0.0001811
0.01 0.004938 0.001 0.0008736
0.01 0.0008428 0.0001 0.0002065
0.01 0.004119 0.001 0.0007361
0.01 0.002361 0.0001 0.0001637
0.01 0.0043 0.001 0.0009606
0.01 0.002481 0.0001 0.0002429
0.01 0.006964 0.001 0.0008226
0.01 0.005406 0.0001 0.0001586
0.01 0.007716 0.001 0.0008788
0.01 0.003929 0.0001 0.000165
0.01 0.005841 0.001 0.001178
0.01 0.002237 0.0001 0.0001706
0.01 0.00606 0.001 0.0008036
0.01 0.001845 0.0001 0.0002469
0.01 0.006327 0.001 0.0007675
0.01 0.0004667 0.0001 0.0003045
0.01 0.002636 0.001 0.0009233
0.01 0.001051 0.0001 0.0002009
0.01 0.003187 0.001 0.0008547
0.01 0.001465 0.0001 0.0001709
0.01 0.007093 0.001 0.0005094
0.01 0.0008549 0.0001 0.0001014
0.01 0.004262 0.001 0.0004819
0.01 0.005752 0.0001 0.0001702
0.01 0.008668 0.001 0.001022
0.01 0.0001412 0.0001 0.0004795
0.01 0.002647 0.001 0.0006996
0.01 0.004763 0.0001 0.0001242
0.01 0.006151 0.001 0.001031
0.01 0.001698 0.0001 0.0001246
0.01 0.009075 0.001 0.0004498
0.01 0.005488 0.0001 0.0001254
0.01 0.007884 0.001 0.0008476
0.01 0.004784 0.0001 9.606e-05
0.01 0.009747 0.001 0.0004527
0.01 0.001006 0.0001 0.0001757
0.01 0.00318 0.001 0.0006903
0.01 0.001795 0.0001 0.0001752
0.01 0.00481 0.001 0.0007229
0.01 0.002557 0.0001 0.0001612
0.01 0.005538 0.001 0.0008336
0.01 0.002327 0.0001 0.0001583
0.01 0.005212 0.001 0.000821
0.01 0.00152 0.0001 0.0001489
0.01 0.003892 0.001 0.0006476
0.01 0.0008617 0.0001 0.0001358
0.01 0.00423 0.001 0.0006929
0.01 0.001625 0.0001 0.0001665
0.01 0.00632 0.001 0.0006021
0.01 0.002218 0.0001 0.0001006
0.01 0.004199 0.001 0.0007125
0.01 0.000729 0.0001 0.0001956
0.01 0.002437 0.001 0.0009305
0.01 0.001074 0.0001 0.0002875
0.01 0.0031 0.001 0.001008
0.01 0.002206 0.0001 0.0001801
0.01 0.006023 0.001 0.0008939
0.01 0.0008372 0.0001 0.0001896
0.01 0.002804 0.001 0.0007943
0.01 0.003927 0.0001 0.0001155
0.01 0.008524 0.001 0.0006761
0.01 0.00251 0.0001 0.00016
0.01 0.004546 0.001 0.0009644
0.01 0.003603 0.0001 8.007e-05
0.01 0.00495 0.001 0.0006811
0.01 0.003315 0.0001 8.311e-05
0.01 0.006668 0.001 0.0005956
0.01 0.002255 0.0001 8.908e-05
0.01 0.006994 0.001 0.0004457
0.01 0.002266 0.0001 0.0001946
0.01 0.007884 0.001 0.0006346
0.01 0.004176 0.0001 8.98e-05
0.01 0.008271 0.001 0.0005949
0.01 0.002598 0.0001 8.41e-05
0.01 0.005405 0.001 0.0005927
0.01 0.001434 0.0001 0.0001201
0.01 0.002788 0.001 0.0008642
0.01 0.0007859 0.0001 0.0003769
0.01 0.005143 0.001 0.0008656
0.01 0.002179 0.0001 0.000201
0.01 0.008116 0.001 0.0005676
0.01 0.005566 0.0001 7.313e-05
0.01 0.007674 0.001 0.0006037
0.01 0.005283 0.0001 0.0001669
0.01 0.007304 0.001 0.001079
0.01 0.005246 0.0001 4.223e-05
0.01 0.007626 0.001 0.0004221
0.01 0.004364 0.0001 0.0001134
0.01 0.006657 0.001 0.0007463
0.01 0.006651 0.0001 8.603e-05
0.01 0.009464 0.001 0.0006129
0.01 0.003581 0.0001 0.0001378
0.01 0.006887 0.001 0.0007823
0.01 0.0067 0.0001 5.725e-05
0.01 0.005927 0.001 0.0006395
0.01 0.001371 0.0001 0.0002636
0.01 0.003816 0.001 0.0008764
0.01 0.00237 0.0001 0.0002477
0.01 0.005231 0.001 0.001166
0.01 0.004474 0.0001 0.0001208
0.01 0.005294 0.001 0.0008864
0.01 0.00227 0.0001 0.0001977
0.01 0.007756 0.001 0.0006263
0.01 0.003384 0.0001 0.0001139
0.01 0.006779 0.001 0.0005423
0.01 0.0009657 0.0001 0.0001578
0.01 0.004007 0.001 0.0005618
0.01 0.0008764 0.0001 0.0002592
0.01 0.004569 0.001 0.0006496
0.01 0.002424 0.0001 0.0001465
0.01 0.005886 0.001 0.0007702
0.01 0.00363 0.0001 9.026e-05
0.01 0.006663 0.001 0.0005579
0.01 0.003793 0.0001 0.000145
0.01 0.008061 0.001 0.0006833
0.01 0.01701 0.0001 3.514e-05
0.01 0.0106 0.001 0.0004067
0.01 0.0007908 0.0001 0.0001803
0.01 0.005652 0.001 0.0006364
0.01 0.001134 0.0001 0.0002475
0.01 0.003727 0.001 0.001046
0.01 0.001499 0.0001 0.0001258
0.01 0.005019 0.001 0.0005184
0.01 0.003604 0.0001 0.0001619
0.01 0.00682 0.001 0.0008494
0.01 0.0009235 0.0001 0.0001575
0.01 0.006261 0.001 0.0005472
0.01 0.002748 0.0001 0.0001222
0.01 0.007335 0.001 0.0006334
0.01 0.001678 0.0001 0.0002456
0.01 0.005975 0.001 0.0006805
0.01 0.002735 0.0001 0.0001215
0.01 0.008071 0.001 0.0005618
0.01 0.002693 0.0001 0.0001369
0.01 0.00779 0.001 0.0006336
0.01 0.00798 0.0001 8.448e-05
0.01 0.008804 0.001 0.0007089
0.01 0.003644 0.0001 0.0001448
0.01 0.004802 0.001 0.001073
0.01 0.003395 0.0001 0.0001005
0.01 0.007562 0.001 0.0005557
0.01 0.006666 0.0001 6.608e-05
0.01 0.007567 0.001 0.0005378
0.01 0.003532 0.0001 5.644e-05
0.01 0.005415 0.001 0.000412
0.01 0.0009328 0.0001 0.000131
0.01 0.005486 0.001 0.0004247
0.01 0.001156 0.0001 0.000122
0.01 0.004312 0.001 0.0006026
0.01 0.003482 0.0001 0.0001542
0.01 0.007242 0.001 0.0008231
0.01 0.00158 0.0001 0.0002233
0.01 0.005404 0.001 0.0008419
0.01 0.00439 0.0001 0.0001502
0.01 0.008385 0.001 0.0008351
0.01 0.009259 1e-05 7.947e-06
0.01 0.01863 1e-05 2.778e-06
0.01 0.002698 1e-05 1.171e-05
0.01 0.005007 1e-05 1.117e-06
0.01 0.004811 1e-05 1e-12
0.01 0.004417 1e-05 1.015e-05
0.01 0.001027 1e-05 5.439e-05
0.01 0.01217 1e-05 1.578e-06
0.01 0.01944 1e-05 5.668e-06
0.01 0.02118 1e-05 2.897e-06
0.01 0.004808 1e-05 1e-12
0.01 0.0102 1e-05 2.494e-06
0.01 0.004809 1e-05 1e-12
0.01 0.004816 1e-05 1e-12
0.01 0.00486 1e-05 1e-12
0.01 0.004854 1e-05 1e-12
0.01 0.004839 1e-05 1e-12
0.01 0.00481 1e-05 1e-12
0.01 0.0005921 1e-05 3.971e-05
0.01 0.00485 1e-05 1e-12
0.01 0.004795 1e-05 1e-12
0.01 0.008719 1e-05 6.844e-06
0.01 0.002307 1e-05 1.816e-05
0.01 0.004821 1e-05 1e-12
0.01 0.00786 1e-05 1.307e-05
0.01 0.001788 1e-05 5.015e-05
0.01 0.02329 1e-05 1.044e-05
0.01 0.005002 1e-05 3.691e-07
0.01 0.005008 1e-05 2.06e-06
0.01 0.001221 1e-05 6.38e-05
0.01 0.004834 1e-05 1e-12
0.01 0.0183 1e-05 2.937e-06
0.01 0.004842 1e-05 1e-12
0.01 0.005001 1e-05 2.097e-07
0.01 0.017 1e-05 9.199e-06
0.01 0.004831 1e-05 1e-12
0.01 0.01784 1e-05 2.672e-06
0.01 0.004824 1e-05 1e-12
0.01 0.01853 1e-05 3.854e-06
0.01 0.004794 1e-05 2.186e-05
0.01 0.004845 1e-05 1e-12
0.01 0.003125 1e-05 1.25e-05
0.01 0.005608 1e-05 1.273e-05
0.01 0.01639 1e-05 2.474e-06
0.01 0.0004324 1e-05 7.365e-05
0.01 0.004844 1e-05 1e-12
0.01 0.004868 1e-05 1e-12
0.01 0.004831 1e-05 1e-12
0.01 0.004828 1e-05 1e-12
0.01 0.0008806 1e-05 6.439e-05
0.01 0.004839 1e-05 1e-12
0.01 0.004852 1e-05 1e-12
0.01 0.008569 1e-05 2.409e-06
0.01 0.01103 1e-05 4.258e-06
0.01 0.004977 1e-05 3.123e-06
0.01 0.001272 1e-05 1.922e-05
0.01 0.004831 1e-05 1e-12
0.01 0.003811 1e-05 2.807e-05
0.01 0.004998 1e-05 1.44e-06
0.01 0.008513 1e-05 1.873e-06
0.01 0.004854 1e-05 1e-12
0.01 0.004856 1e-05 1e-12
0.01 0.00485 1e-05 1e-12
0.01 0.005012 1e-05 3.45e-06
0.01 0.006019 1e-05 2.101e-05
0.01 0.004846 1e-05 1e-12
0.01 0.02161 1e-05 4.599e-06
0.01 0.008126 1e-05 1.375e-05
0.01 0.001002 1e-05 6.457e-05
0.01 0.01925 1e-05 5.44e-06
0.01 0.001981 1e-05 3.591e-05
0.01 0.00429 1e-05 2.28e-05
0.01 0.02006 1e-05 6.47e-06
0.01 0.004875 1e-05 1e-12
0.01 0.007447 1e-05 1.608e-05
0.01 0.005001 1e-05 5.484e-07
0.01 0.004839 1e-05 1e-12
0.01 0.01943 1e-05 3.542e-06
0.01 0.004994 1e-05 1.692e-06
0.01 0.01783 1e-05 2.765e-06
0.01 0.02731 1e-05 8.926e-06
0.01 0.004821 1e-05 1e-12
0.01 0.004848 1e-05 1e-12
0.01 0.004834 1e-05 1e-12
0.01 0.00485 1e-05 1e-12
0.01 0.004831 1e-05 1e-12
0.01 0.004855 1e-05 1e-12
0.01 0.01777 1e-05 4.183e-06
0.01 0.004815 1e-05 1e-12
0.01 0.004857 1e-05 1e-12
0.01 0.003281 1e-05 1.496e-05
0.01 0.02115 1e-05 5.561e-06
0.01 0.004821 1e-05 1e-12
0.01 0.01216 1e-05 1.07e-05
0.01 0.01849 1e-05 2.928e-06
0.01 0.005025 1e-05 1.117e-05
0.01 0.005036 1e-05 4.21e-06
0.01 0.001025 1e-05 5.32e-05
0.01 0.004232 1e-05 1.486e-05
0.01 0.0009757 1e-05 5.849e-05
0.005 0.003853 0.0001 0.0001019
0.005 0.002736 0.001 0.001089
0.05 0.008841 0.0001 0.0001385
0.05 0.01466 0.001 0.0009662
0.005 0.0005668 0.0001 0.0001376
0.005 0.002076 0.001 0.0006787
0.05 0.01698 0.0001 0.0001282
0.05 0.02558 0.001 0.0009603
0.005 0.002007 0.0001 7.797e-05
0.005 0.00251 0.001 0.0005446
0.05 0.01763 0.0001 9.091e-05
0.05 0.02224 0.001 0.0008158
0.005 0.0007852 0.0001 0.0003725
0.005 0.00582 0.001 0.000675
0.05 0.007834 0.0001 0.0002097
0.05 0.02229 0.001 0.001016
0.005 0.00125 0.0001 8.976e-05
0.005 0.002581 0.001 0.0007535
0.05 0.005282 0.0001 0.0001998
0.05 0.01267 0.001 0.001197
0.005 0.002507 0.0001 6.634e-05
0.005 0.005286 0.001 0.0004349
0.05 0.01521 0.0001 0.0001183
0.05 0.0246 0.001 0.00094
0.005 0.0001334 0.0001 0.0003734
0.005 0.001319 0.001 0.0009332
0.05 0.008587 0.0001 0.0001771
0.05 0.01347 0.001 0.001189
0.005 0.0005067 0.0001 0.0002363
0.005 0.001452 0.001 0.001225
0.05 0.008499 0.0001 0.000172
0.05 0.01503 0.001 0.001294
0.005 0.004112 0.0001 3.426e-05
0.005 0.003211 0.001 0.0004885
0.05 0.008396 0.0001 0.0002032
0.05 0.01448 0.001 0.001453
0.005 0.003304 0.0001 9.828e-05
0.005 0.003925 0.001 0.0008276
0.05 0.01056 0.0001 0.0002771
0.05 0.01601 0.001 0.001796
0.005 0.0007628 0.0001 0.0001849
0.005 0.001943 0.001 0.001065
0.05 0.01035 0.0001 0.0001382
0.05 0.01634 0.001 0.001068
0.005 0.005309 0.0001 5.393e-05
0.005 0.004104 0.001 0.0007347
0.05 0.01345 0.0001 0.0001358
0.05 0.01818 0.001 0.001111
0.005 0.004846 0.0001 1e-12
0.005 0.004365 0.001 0.000312
0.05 0.01 0.0001 0.0001317
0.05 0.02098 0.001 0.0008649
0.005 0.002785 0.0001 6.316e-05
0.005 0.003864 0.001 0.0007222
0.05 0.009688 0.0001 0.0001306
0.05 0.02168 0.001 0.0008215
0.005 0.0006739 0.0001 7.452e-05
0.005 0.004169 0.001 0.0003927
0.05 0.01984 0.0001 0.0001028
0.05 0.02882 0.001 0.0008101
0.005 0.0006798 0.0001 0.0003626
0.005 0.001733 0.001 0.001548
0.05 0.006091 0.0001 0.000295
0.05 0.01105 0.001 0.001856
0.005 0.002234 0.0001 0.0001072
0.005 0.00494 0.001 0.0004446
0.05 0.00861 0.0001 0.0001902
0.05 0.0188 0.001 0.00101
0.005 0.0001957 0.0001 0.0002855
0.005 0.002892 0.001 0.0003567
0.05 0.00926 0.0001 0.0001467
0.05 0.01833 0.001 0.0008885
0.005 0.001956 0.0001 0.0001035
0.005 0.003538 0.001 0.0007272
0.05 0.009951 0.0001 0.0002137
0.05 0.01825 0.001 0.001186
0.005 0.0003105 0.0001 0.0006626
0.005 0.002025 0.001 0.001221
0.05 0.007715 0.0001 0.000156
0.05 0.01605 0.001 0.0009754
0.005 0.000646 0.0001 9.026e-05
0.005 0.001493 0.001 0.0005109
0.05 0.01156 0.0001 0.0001226
0.05 0.01764 0.001 0.0009606
0.005 0.0006878 0.0001 0.0002401
0.005 0.001724 0.001 0.0009393
0.05 0.01418 0.0001 0.0001463
0.05 0.01894 0.001 0.001081
0.005 0.001254 0.0001 0.0001754
0.005 0.001848 0.001 0.001195
0.05 0.01299 0.0001 0.0001437
0.05 0.01476 0.001 0.001256
0.005 7.194e-05 0.0001 0.0006604
0.005 0.001591 0.001 0.0006259
0.05 0.007226 0.0001 0.0002242
0.05 0.01201 0.001 0.001516
0.005 0.002812 0.0001 6.408e-05
0.005 0.002508 0.001 0.000707
0.05 0.01829 0.0001 9.827e-05
0.05 0.0191 0.001 0.0009516
0.005 0.001285 0.0001 0.000369
0.005 0.004783 0.001 0.0008854
0.05 0.009554 0.0001 0.0002228
0.05 0.01947 0.001 0.001097
0.005 0.003025 0.0001 0.00017
0.005 0.004457 0.001 0.0008288
0.05 0.01705 0.0001 0.0001597
0.05 0.02221 0.001 0.001198
0.005 0.002522 0.0001 0.0001362
0.005 0.00406 0.001 0.0008342
0.05 0.01034 0.0001 0.0002269
0.05 0.0159 0.001 0.001625
0.005 0.00109 0.0001 0.000137
0.005 0.003592 0.001 0.0006194
0.05 0.005349 0.0001 0.0002115
0.05 0.01296 0.001 0.001141
0.005 0.001239 0.0001 0.0002789
0.005 0.003118 0.001 0.0009218
0.05 0.009711 0.0001 0.0001569
0.05 0.01698 0.001 0.001114
0.005 0.0002769 0.0001 0.0003539
0.005 0.001456 0.001 0.0012
0.05 0.006443 0.0001 0.0002214
0.05 0.01631 0.001 0.001215
0.005 0.001084 0.0001 0.0001532
0.005 0.002477 0.001 0.0008267
0.05 0.006285 0.0001 0.0002027
0.05 0.01372 0.001 0.001328
0.005 0.0009563 0.0001 0.0001318
0.005 0.005004 0.001 0.0004187
0.05 0.008789 0.0001 0.0001504
0.05 0.01373 0.001 0.0013
0.005 0.005007 0.0001 1.034e-06
0.005 0.002311 0.001 0.0002377
0.05 0.008012 0.0001 0.0001984
0.05 0.01651 0.001 0.001241
0.005 0.004581 0.0001 6.252e-05
0.005 0.003376 0.001 0.0006312
0.05 0.0133 0.0001 0.0001529
0.05 0.01959 0.001 0.001116
0.005 5.63e-05 0.0001 0.000902
0.005 0.001279 0.001 0.0009024
0.05 0.01525 0.0001 0.0001211
0.05 0.02144 0.001 0.001003
0.005 0.001365 0.0001 0.000209
0.005 0.002023 0.001 0.001708
0.05 0.01684 0.0001 0.0001323
0.05 0.02012 0.001 0.001231
0.005 0.001406 0.0001 0.0001157
0.005 0.002427 0.001 0.0008281
0.05 0.01672 0.0001 0.0001318
0.05 0.02128 0.001 0.001115
0.005 0.002357 0.0001 8.42e-05
0.005 0.002377 0.001 0.0008307
0.05 0.01455 0.0001 0.0001217
0.05 0.02444 0.001 0.0008728
0.005 0.002371 0.0001 0.0001163
0.005 0.005136 0.001 0.0004998
0.05 0.009671 0.0001 0.0001883
0.05 0.01632 0.001 0.001408
0.005 0.004834 0.0001 1e-12
0.005 0.002086 0.001 0.0003669
0.05 0.009721 0.0001 0.0001542
0.05 0.01344 0.001 0.001277
0.005 0.003078 0.0001 3.785e-05
0.005 0.003742 0.001 0.0003189
0.05 0.007326 0.0001 0.0001748
0.05 0.01121 0.001 0.001295
0.005 0.002683 0.0001 0.0001196
0.005 0.004238 0.001 0.0007315
0.05 0.009517 0.0001 0.0002449
0.05 0.02149 0.001 0.001188
0.005 0.001626 0.0001 9.026e-05
0.005 0.004387 0.001 0.0004413
0.05 0.01377 0.0001 0.0001139
0.05 0.01728 0.001 0.001044
0.005 0.0007531 0.0001 0.0001157
0.005 0.002278 0.001 0.0005082
0.05 0.008741 0.0001 0.0001187
0.05 0.01625 0.001 0.0007897
0.005 0.0004729 0.0001 0.0001703
0.005 0.003226 0.001 0.0006596
0.05 0.008168 0.0001 0.0001375
0.05 0.0139 0.001 0.001085
0.005 0.00122 0.0001 0.0001546
0.005 0.002988 0.001 0.000852
0.05 0.0143 0.0001 8.346e-05
0.05 0.02097 0.001 0.000771
0.005 0.001532 0.0001 8.465e-05
0.005 0.002696 0.001 0.0007486
0.05 0.01088 0.0001 0.0001097
0.05 0.02082 0.001 0.0008472
0.005 0.0004913 0.0001 0.0002342
0.005 0.001426 0.001 0.001204
0.05 0.01012 0.0001 0.0001673
0.05 0.01983 0.001 0.001035
0.005 0.001375 0.0001 7.072e-05
0.005 0.002051 0.001 0.0003666
0.05 0.009422 0.0001 0.0001516
0.05 0.02043 0.001 0.0008833
0.005 0.001205 0.0001 0.0001968
0.005 0.003578 0.001 0.0007898
0.05 0.01528 0.0001 0.0001775
0.05 0.02154 0.001 0.001271
0.005 0.0003477 0.0001 0.0002416
0.005 0.002042 0.001 0.0006489
0.05 0.01016 0.0001 0.000202
0.05 0.01461 0.001 0.001508
0.005 0.002062 0.0001 9.088e-05
0.005 0.004916 0.001 0.0004778
0.05 0.0124 0.0001 0.0001359
0.05 0.01685 0.001 0.001288
0.005 0.0008187 0.0001 0.0002671
0.005 0.001698 0.001 0.001547
0.05 0.01223 0.0001 0.0001217
0.05 0.01913 0.001 0.0009304
0.005 0.002632 0.0001 8.564e-05
0.005 0.003477 0.001 0.0006456
0.05 0.006572 0.0001 0.0001553
0.05 0.01575 0.001 0.0008396
0.005 0.003206 0.0001 5.978e-05
0.005 0.004018 0.001 0.0004963
0.05 0.0066 0.0001 0.0001491
0.05 0.0176 0.001 0.0009267
0.005 0.0002238 0.0001 0.0003305
0.005 0.003352 0.001 0.000483
0.05 0.007489 0.0001 0.0001787
0.05 0.01852 0.001 0.0009851
0.005 0.00206 0.0001 0.0001549
0.005 0.005008 0.001 0.0006615
0.05 0.01444 0.0001 0.0001369
0.05 0.02823 0.001 0.0008492
0.005 0.001207 0.0001 7.197e-05
0.005 0.003878 0.001 0.0004868
0.05 0.01282 0.0001 0.0001463
0.05 0.0187 0.001 0.001142
0.005 0.000948 0.0001 8.893e-05
0.005 0.001325 0.001 0.0007354
0.05 0.01238 0.0001 8.732e-05
0.05 0.0251 0.001 0.0006329
0.005 0.0003274 0.0001 0.0001737
0.005 0.002206 0.001 0.000631
0.05 0.007908 0.0001 0.0001601
0.05 0.01476 0.001 0.001136
0.005 0.0004486 0.0001 0.0002093
0.005 0.002143 0.001 0.0006988
0.05 0.004507 0.0001 0.0002803
0.05 0.01431 0.001 0.001313
0.005 0.001047 0.0001 0.0001346
0.005 0.004783 0.001 0.000343
0.05 0.01145 0.0001 0.0001398
0.05 0.02103 0.001 0.000996
0.005 0.003596 0.0001 6.81e-05
0.005 0.005597 0.001 0.0004081
0.05 0.005877 0.0001 0.0002285
0.05 0.0138 0.001 0.00114
0.005 0.004162 0.0001 9.44e-05
0.005 0.004149 0.001 0.000767
0.05 0.01736 0.0001 0.0001089
0.05 0.02317 0.001 0.0008952
0.005 0.004839 0.0001 1e-12
0.005 0.001722 0.001 0.0006123
0.05 0.02258 0.0001 7.287e-05
0.05 0.0316 0.001 0.0006467
0.005 0.003829 0.0001 9.718e-05
0.005 0.003229 0.001 0.0009159
0.05 0.009577 0.0001 0.0002486
0.05 0.01564 0.001 0.001668
0.005 0.003184 0.0001 7.721e-05
0.005 0.005177 0.001 0.0004207
0.05 0.007936 0.0001 0.0002478
0.05 0.01687 0.001 0.001402
0.005 0.001128 0.0001 0.0002599
0.005 0.00324 0.001 0.001143
0.05 0.01682 0.0001 0.0001286
0.05 0.01904 0.001 0.001251
0.005 0.00469 0.0001 3.989e-05
0.005 0.003523 0.001 0.0005332
0.05 0.02434 0.0001 9.389e-05
0.05 0.02642 0.001 0.0008286
0.005 0.0007893 0.0001 0.0002943
0.005 0.002099 0.001 0.0009841
0.05 0.01505 0.0001 0.0001566
0.05 0.02163 0.001 0.001176
0.005 0.0008433 0.0001 0.0001135
0.005 0.00234 0.001 0.0006962
0.05 0.01998 0.0001 0.0001392
0.05 0.02371 0.001 0.001158
0.005 0.0005181 0.0001 0.0001691
0.005 0.001248 0.001 0.0008721
0.05 0.006853 0.0001 0.0002649
0.05 0.01537 0.001 0.001322
0.005 0.002064 0.0001 0.0001269
0.005 0.004849 0.001 0.0005733
0.05 0.01734 0.0001 0.0001642
0.05 0.02398 0.001 0.001188
0.005 0.001354 0.0001 0.0001022
0.005 0.002625 0.001 0.0005578
0.05 0.0161 0.0001 0.0001203
0.05 0.01913 0.001 0.001004
0.005 0.0003718 0.0001 0.0002185
0.005 0.003018 0.001 0.0005089
0.05 0.01417 0.0001 9.324e-05
0.05 0.02035 0.001 0.0007832
0.005 0.0002269 0.0001 0.0003623
0.005 0.002336 0.001 0.0006433
0.05 0.006154 0.0001 0.0002287
0.05 0.01437 0.001 0.001343
0.005 0.0003596 0.0001 0.000272
0.005 0.002016 0.001 0.0008714
0.05 0.01603 0.0001 0.0001469
0.05 0.01794 0.001 0.001425
0.005 0.004525 0.0001 3.944e-05
0.005 0.004753 0.001 0.0004012
0.05 0.008279 0.0001 0.0001914
0.05 0.01676 0.001 0.001276
0.005 0.003626 0.0001 0.0001074
0.005 0.005159 0.001 0.0006128
0.05 0.01771 0.0001 0.0001264
0.05 0.02338 0.001 0.0009702
0.005 0.008337 0.0001 4.787e-05
0.005 0.003937 0.001 0.0005685
0.05 0.02015 0.0001 0.0001007
0.05 0.02741 0.001 0.0008229
0.005 0.0003315 0.0001 0.0002442
0.005 0.003495 0.001 0.0006359
0.05 0.005849 0.0001 0.0001965
0.05 0.01203 0.001 0.001294
0.005 0.0006672 0.0001 0.0002211
0.005 0.001324 0.001 0.001468
0.05 0.00701 0.0001 0.0002379
0.05 0.01075 0.001 0.001774
0.005 0.001113 0.0001 8.098e-05
0.005 0.001978 0.001 0.0005767
0.05 0.01379 0.0001 0.0001137
0.05 0.02348 0.001 0.0007629
0.005 0.001496 0.0001 0.0002229
0.005 0.003432 0.001 0.0009821
0.05 0.01276 0.0001 0.0001666
0.05 0.02105 0.001 0.001154
0.005 0.0001552 0.0001 0.0003771
0.005 0.004384 0.001 0.0004774
0.05 0.009196 0.0001 0.0001872
0.05 0.01735 0.001 0.00118
0.005 0.0006289 0.0001 0.0003303
0.005 0.002977 0.001 0.0008619
0.05 0.01214 0.0001 0.0001202
0.05 0.01837 0.001 0.0008864
0.005 0.001616 0.0001 6.791e-05
0.005 0.003442 0.001 0.0004158
0.05 0.01346 0.0001 0.000148
0.05 0.01741 0.001 0.001286
0.005 0.001066 0.0001 0.0001624
0.005 0.00406 0.001 0.0005874
0.05 0.01283 0.0001 0.000105
0.05 0.0178 0.001 0.0007984
0.005 0.001254 0.0001 0.0001548
0.005 0.004661 0.001 0.0005646
0.05 0.005523 0.0001 0.0003915
0.05 0.008589 0.001 0.00273
0.005 0.00718 0.0001 5.423e-05
0.005 0.006107 0.001 0.0005509
0.05 0.01703 0.0001 0.0001258
0.05 0.02138 0.001 0.001051
0.005 0.002727 0.0001 0.0001317
0.005 0.002277 0.001 0.001219
0.05 0.01087 0.0001 0.0001318
0.05 0.01498 0.001 0.001169
0.005 0.001613 0.0001 0.0001256
0.005 0.006025 0.001 0.0004965
0.05 0.00774 0.0001 0.0002456
0.05 0.01339 0.001 0.001609
0.005 0.005157 0.0001 7.778e-05
0.005 0.006694 0.001 0.0004718
0.05 0.01405 0.0001 0.0001366
0.05 0.01833 0.001 0.001028
0.005 0.003992 0.0001 3.032e-05
0.005 0.003098 0.001 0.0003311
0.05 0.01378 0.0001 0.0001213
0.05 0.02024 0.001 0.0008404
0.005 0.002201 0.0001 4.756e-05
0.005 0.001994 0.001 0.0005332
0.05 0.01089 0.0001 0.0001363
0.05 0.0194 0.001 0.0009578
0.005 0.0009887 0.0001 9.808e-05
0.005 0.00272 0.001 0.0005522
0.05 0.001967 0.0001 0.0003204
0.05 0.009079 0.001 0.001544
0.005 0.001054 0.0001 0.0002762
0.005 0.003231 0.001 0.0008832
0.05 0.00382 0.0001 0.0002905
0.05 0.01625 0.001 0.001098
0.005 0.001379 0.0001 0.0001116
0.005 0.002567 0.001 0.0006887
0.05 0.01705 0.0001 0.0001368
0.05 0.0202 0.001 0.001155
0.005 0.003277 0.0001 0.0001046
0.005 0.006463 0.001 0.0005169
0.05 0.01291 0.0001 0.0001905
0.05 0.01642 0.001 0.001579
0.005 0.01389 1e-05 5.603e-06
0.05 0.004852 1e-05 2.158e-05
0.005 0.01595 1e-05 2.301e-06
0.05 0.00538 1e-05 2.44e-05
0.005 0.001173 1e-05 1.729e-05
0.05 0.0137 1e-05 9.045e-06
0.005 0.004857 1e-05 1e-12
0.05 0.005006 1e-05 6.175e-07
0.005 0.004801 1e-05 1e-12
0.05 0.004892 1e-05 1e-12
0.005 0.00272 1e-05 1.339e-05
0.05 0.01637 1e-05 1.148e-05
0.005 0.004998 1e-05 2.87e-06
0.05 0.004654 1e-05 3.157e-05
0.005 0.005006 1e-05 1.128e-06
0.05 0.004934 1e-05 1e-12
0.005 0.01731 1e-05 3.643e-06
0.05 0.007294 1e-05 1.685e-05
0.005 0.01487 1e-05 2.168e-06
0.05 0.006034 1e-05 5.093e-05
0.005 0.004795 1e-05 1e-12
0.05 0.004862 1e-05 1e-12
0.005 0.01188 1e-05 2.43e-06
0.05 0.02011 1e-05 6.6e-06
0.005 0.004799 1e-05 1e-12
0.05 0.0049 1e-05 1e-12
0.005 0.004821 1e-05 1e-12
0.05 0.005027 1e-05 4.415e-06
0.005 0.004851 1e-05 1e-12
0.05 0.01655 1e-05 7.847e-06
0.005 0.004848 1e-05 1e-12
0.05 0.005439 1e-05 2.877e-05
0.005 0.004838 1e-05 1e-12
0.05 0.002507 1e-05 5.273e-05
0.005 0.004812 1e-05 1e-12
0.05 0.005033 1e-05 3.853e-06
0.005 0.004824 1e-05 1e-12
0.05 0.009617 1e-05 2.243e-05
0.005 0.004848 1e-05 1e-12
0.05 0.005039 1e-05 2.587e-06
0.005 0.004788 1e-05 1e-12
0.05 0.004879 1e-05 1e-12
0.005 0.008975 1e-05 4.021e-06
0.05 0.0225 1e-05 1.087e-05
0.005 0.0008534 1e-05 3.452e-05
0.05 0.0149 1e-05 1.541e-05
0.005 0.004826 1e-05 1e-12
0.05 0.002546 1e-05 3.347e-05
0.005 0.004105 1e-05 1.666e-05
0.05 0.02171 1e-05 1.149e-05
0.005 0.001671 1e-05 5.171e-05
0.05 0.003807 1e-05 5.986e-05
0.005 0.02158 1e-05 8.406e-06
0.05 0.02551 1e-05 1.558e-05
0.005 0.004857 1e-05 1e-12
0.05 0.005146 1e-05 1.996e-05
0.005 0.01308 1e-05 1.988e-06
0.05 0.005094 1e-05 1.845e-05
0.005 0.001112 1e-05 7.099e-05
0.05 0.003842 1e-05 3.107e-05
0.005 0.004827 1e-05 1e-12
0.05 0.004894 1e-05 1e-12
0.005 0.01955 1e-05 3.208e-06
0.05 0.009923 1e-05 1.222e-05
0.005 0.004833 1e-05 1e-12
0.05 0.004906 1e-05 1e-12
0.005 0.005005 1e-05 1.273e-06
0.05 0.01361 1e-05 7.294e-06
0.005 0.01611 1e-05 4.62e-06
0.05 0.01998 1e-05 1.169e-05
0.005 0.00482 1e-05 1e-12
0.05 0.01289 1e-05 5.906e-06
0.005 0.009382 1e-05 1.759e-06
0.05 0.01578 1e-05 3.375e-06
0.005 0.004835 1e-05 1e-12
0.05 0.00354 1e-05 3.942e-05
0.005 0.0186 1e-05 3.203e-06
0.05 0.01125 1e-05 1.087e-05
0.005 0.002369 1e-05 3.314e-05
0.05 0.0118 1e-05 1.341e-05
0.005 0.004836 1e-05 1e-12
0.05 0.01684 1e-05 2.8e-06
0.005 0.002208 1e-05 1.678e-05
0.05 0.01421 1e-05 6.053e-06
0.005 0.008686 1e-05 7.714e-06
0.05 0.003027 1e-05 9.145e-05
0.005 0.004996 1e-05 1.442e-06
0.05 0.02358 1e-05 5.872e-06
0.005 0.005001 1e-05 1.165e-06
0.05 0.012 1e-05 1.089e-05
0.005 0.004851 1e-05 1e-12
0.05 0.01148 1e-05 3.257e-06
0.005 0.004866 1e-05 1e-12
0.05 0.01934 1e-05 3.252e-06
0.005 0.004823 1e-05 1e-12
0.05 0.004898 1e-05 1e-12
0.005 0.004826 1e-05 1e-12
0.05 0.00505 1e-05 1.346e-05
0.005 0.001976 1e-05 2.115e-05
0.05 0.003247 1e-05 2.606e-05
0.005 0.004843 1e-05 1e-12
0.05 0.01745 1e-05 8.637e-06
0.005 0.004849 1e-05 1e-12
0.05 0.00687 1e-05 1.497e-05
0.005 0.005 1e-05 2.195e-07
0.05 0.004853 1e-05 1e-12
0.005 0.01184 1e-05 4.131e-06
0.05 0.004957 1e-05 2.074e-05
0.005 0.00499 1e-05 1.94e-06
0.05 0.0008244 1e-05 4.603e-05
0.005 0.001395 1e-05 2.199e-05
0.05 0.0006502 1e-05 5.202e-05
0.005 0.004822 1e-05 1e-12
0.05 0.004888 1e-05 1e-12
0.005 0.004199 1e-05 2.673e-05
0.05 0.01872 1e-05 9.262e-06
0.005 0.004999 1e-05 1.773e-07
0.05 0.008998 1e-05 1.12e-05
0.005 0.004999 1e-05 1.927e-06
0.05 0.01072 1e-05 2.56e-06
0.005 0.004839 1e-05 1e-12
0.05 0.008805 1e-05 7.802e-06
0.005 0.004836 1e-05 1e-12
0.05 0.004919 1e-05 1e-12
0.005 0.004821 1e-05 1e-12
0.05 0.004859 1e-05 1e-12
0.005 0.005002 1e-05 3.898e-06
0.05 0.002745 1e-05 5.008e-05
0.005 0.004996 1e-05 2.615e-06
0.05 0.005597 1e-05 2.38e-05
0.005 0.004826 1e-05 1e-12
0.05 0.01505 1e-05 3.343e-06
0.005 0.02381 1e-05 5.033e-06
0.05 0.02135 1e-05 9.348e-06
0.005 0.004965 1e-05 1.354e-05
0.05 0.005366 1e-05 3.41e-05
0.005 0.0009645 1e-05 5.658e-05
0.05 0.004639 1e-05 3.984e-05
0.005 0.01687 1e-05 3.559e-06
0.05 0.02201 1e-05 1.192e-05
0.005 0.01376 1e-05 4.832e-06
0.05 0.005288 1e-05 3.204e-05
0.005 0.005008 1e-05 2.567e-06
0.05 0.02011 1e-05 1.512e-05
0.005 0.01272 1e-05 3.247e-06
0.05 0.005167 1e-05 4.122e-05
0.005 0.004863 1e-05 1e-12
0.05 0.02202 1e-05 1.305e-05
0.005 0.009961 1e-05 7.223e-06
0.05 0.02302 1e-05 1.021e-05
0.005 0.004858 1e-05 1e-12
0.05 0.01786 1e-05 2.432e-06
0.005 0.004822 1e-05 1e-12
0.05 0.004786 1e-05 1e-12
0.005 0.01764 1e-05 2.388e-06
0.05 0.02265 1e-05 9.224e-06
0.005 0.004832 1e-05 1e-12
0.05 0.01746 1e-05 3.036e-06
0.005 0.01959 1e-05 3.074e-06
0.05 0.02028 1e-05 7.595e-06
0.005 0.02514 1e-05 9.164e-06
0.05 0.02622 1e-05 1.122e-05
0.005 0.004826 1e-05 1e-12
0.05 0.00486 1e-05 1e-12
0.005 0.004831 1e-05 1e-12
0.05 0.005115 1e-05 9.838e-06
0.005 0.004828 1e-05 1e-12
0.05 0.005161 1e-05 3.104e-05
0.005 0.004809 1e-05 1e-12
0.05 0.005427 1e-05 2.414e-05
0.005 0.004827 1e-05 1e-12
0.05 0.001594 1e-05 2.065e-05
0.005 0.004868 1e-05 1e-12
0.05 0.008957 1e-05 1.234e-05
0.005 0.004999 1e-05 2.11e-07
0.05 0.01991 1e-05 6.564e-06
0.005 0.004795 1e-05 1e-12
0.05 0.002665 1e-05 3.701e-05
0.005 0.004833 1e-05 1e-12
0.05 0.001678 1e-05 8.372e-05
0.005 0.005007 1e-05 1.985e-06
0.05 0.01463 1e-05 5.033e-06
0.005 0.02152 1e-05 5.675e-06
0.05 0.00639 1e-05 1.614e-05
0.005 0.0048 1e-05 1e-12
0.05 0.01458 1e-05 5.2e-06
0.005 0.005995 1e-05 2.219e-05
0.05 0.01746 1e-05 1.981e-05
0.005 0.02055 1e-05 2.91e-06
0.05 0.02432 1e-05 1.019e-05
0.005 0.005025 1e-05 1.299e-05
0.05 0.02243 1e-05 7.064e-06
0.005 0.005033 1e-05 3.356e-06
0.05 0.004941 1e-05 1e-12
0.005 0.0009078 1e-05 6.325e-05
0.05 0.0003934 1e-05 8.706e-05
0.005 0.002798 1e-05 2.413e-05
0.05 0.01566 1e-05 2.438e-05
0.005 0.01017 1e-05 5.604e-06
0.05 0.004817 1e-05 3.758e-05
